function C=cyclicColors()
C = [5,166,190; 
                166,177,90;
                164,193,74;
                251,235,65;
                232,163,55;
                246,57,64;
                236,54,149;
                74,73,161;];
            
                